Loan Details:
Loan Amount: $10000.00
Total Months: 60
Annual Interest Rate: 5.00%
Monthly Payment: $188.71

Month     Beginning Balance   Payment Amount      Amount to Interest  Amount to Principle Ending Balance      
--------------------------------------------------------------------------------------------------------------------------------------------
1         10000.00            188.71              41.67               147.04              9852.96             
2         9852.96             188.71              41.05               147.66              9705.30             
3         9705.30             188.71              40.44               148.27              9557.03             
4         9557.03             188.71              39.82               148.89              9408.14             
5         9408.14             188.71              39.20               149.51              9258.63             
6         9258.63             188.71              38.58               150.13              9108.50             
7         9108.50             188.71              37.95               150.76              8957.74             
8         8957.74             188.71              37.32               151.39              8806.35             
9         8806.35             188.71              36.69               152.02              8654.34             
10        8654.34             188.71              36.06               152.65              8501.69             
11        8501.69             188.71              35.42               153.29              8348.40             
12        8348.40             188.71              34.79               153.92              8194.48             
13        8194.48             188.71              34.14               154.57              8039.91             
14        8039.91             188.71              33.50               155.21              7884.70             
15        7884.70             188.71              32.85               155.86              7728.84             
16        7728.84             188.71              32.20               156.51              7572.34             
17        7572.34             188.71              31.55               157.16              7415.18             
18        7415.18             188.71              30.90               157.81              7257.36             
19        7257.36             188.71              30.24               158.47              7098.89             
20        7098.89             188.71              29.58               159.13              6939.76             
21        6939.76             188.71              28.92               159.79              6779.97             
22        6779.97             188.71              28.25               160.46              6619.51             
23        6619.51             188.71              27.58               161.13              6458.38             
24        6458.38             188.71              26.91               161.80              6296.58             
25        6296.58             188.71              26.24               162.47              6134.10             
26        6134.10             188.71              25.56               163.15              5970.95             
27        5970.95             188.71              24.88               163.83              5807.12             
28        5807.12             188.71              24.20               164.51              5642.61             
29        5642.61             188.71              23.51               165.20              5477.41             
30        5477.41             188.71              22.82               165.89              5311.52             
31        5311.52             188.71              22.13               166.58              5144.94             
32        5144.94             188.71              21.44               167.27              4977.67             
33        4977.67             188.71              20.74               167.97              4809.70             
34        4809.70             188.71              20.04               168.67              4641.03             
35        4641.03             188.71              19.34               169.37              4471.66             
36        4471.66             188.71              18.63               170.08              4301.58             
37        4301.58             188.71              17.92               170.79              4130.79             
38        4130.79             188.71              17.21               171.50              3959.30             
39        3959.30             188.71              16.50               172.21              3787.08             
40        3787.08             188.71              15.78               172.93              3614.15             
41        3614.15             188.71              15.06               173.65              3440.50             
42        3440.50             188.71              14.34               174.37              3266.13             
43        3266.13             188.71              13.61               175.10              3091.03             
44        3091.03             188.71              12.88               175.83              2915.19             
45        2915.19             188.71              12.15               176.56              2738.63             
46        2738.63             188.71              11.41               177.30              2561.33             
47        2561.33             188.71              10.67               178.04              2383.29             
48        2383.29             188.71              9.93                178.78              2204.51             
49        2204.51             188.71              9.19                179.52              2024.99             
50        2024.99             188.71              8.44                180.27              1844.72             
51        1844.72             188.71              7.69                181.02              1663.69             
52        1663.69             188.71              6.93                181.78              1481.92             
53        1481.92             188.71              6.17                182.54              1299.38             
54        1299.38             188.71              5.41                183.30              1116.08             
55        1116.08             188.71              4.65                184.06              932.02              
56        932.02              188.71              3.88                184.83              747.20              
57        747.20              188.71              3.11                185.60              561.60              
58        561.60              188.71              2.34                186.37              375.23              
59        375.23              188.71              1.56                187.15              188.09              
60        188.09              188.71              0.78                188.09              0.00                
